1 0.036076
1 0.036080
1 0.036083
1 0.036086
1 0.036089
1 0.036092
1 0.036096
1 0.036099
1 0.036103
1 0.036106
2 0.036110
2 0.036113
2 0.036116
2 0.036120
2 0.036132
2 0.036135
2 0.036138
2 0.036142
2 0.036145
2 0.036148
3 0.036152
3 0.036166
3 0.036169
3 0.036172
3 0.036176
3 0.036180
3 0.036184
3 0.036187
3 0.036191
3 0.036194
4 0.036198
4 0.036202
4 0.036206
4 0.036210
4 0.036214
4 0.036218
4 0.036221
4 0.036225
4 0.036228
4 0.036232
5 0.036236
5 0.036240
5 0.036244
5 0.036247
5 0.036250
5 0.036254
5 0.036258
5 0.036262
5 0.036265
5 0.036269
6 0.036275
6 0.036279
6 0.036283
6 0.036287
6 0.036290
6 0.036294
6 0.036298
6 0.036302
6 0.036306
6 0.036310
7 0.036314
7 0.036318
7 0.036324
7 0.036328
7 0.036332
7 0.036336
7 0.036340
7 0.036344
7 0.036348
7 0.036352
8 0.036356
8 0.036360
8 0.036364
8 0.036369
8 0.036372
8 0.036376
8 0.036380
8 0.036384
8 0.036397
8 0.036401
9 0.036405
9 0.036409
9 0.036414
9 0.036418
9 0.036422
9 0.036426
9 0.036430
9 0.036434
9 0.036438
9 0.036442
10 0.036446
10 0.036452
10 0.036456
10 0.036460
10 0.036464
10 0.036468
10 0.036472
10 0.036476
10 0.036480
10 0.036494
11 0.036498
11 0.036502
11 0.036506
11 0.036510
11 0.036514
11 0.036518
11 0.036524
11 0.036528
11 0.036532
11 0.036536
12 0.036541
12 0.036545
12 0.036549
12 0.036555
12 0.036560
12 0.036564
12 0.036568
12 0.036573
12 0.036577
12 0.036582
13 0.036588
13 0.036593
13 0.036598
13 0.036602
13 0.036606
13 0.036611
13 0.036616
13 0.036620
13 0.036625
13 0.036630
14 0.036635
14 0.036639
14 0.036645
14 0.036650
14 0.036655
14 0.036659
14 0.036663
14 0.036668
14 0.036674
14 0.036678
15 0.036692
15 0.036697
15 0.036701
15 0.036705
15 0.036711
15 0.036715
15 0.036720
15 0.036725
15 0.036730
15 0.036747
16 0.036752
16 0.036757
16 0.036763
16 0.036768
16 0.036774
16 0.036779
16 0.036784
16 0.036789
16 0.036794
16 0.036800
17 0.036805
17 0.036810
17 0.036816
17 0.036821
17 0.036836
17 0.036841
17 0.036846
17 0.036852
17 0.036858
17 0.036865
18 0.036871
18 0.036876
18 0.036881
18 0.036886
18 0.036892
18 0.036897
18 0.036902
18 0.036908
18 0.036915
18 0.036920
19 0.036926
19 0.036932
19 0.036938
19 0.036945
19 0.036951
19 0.036966
19 0.036980
19 0.036986
19 0.036992
19 0.036997
20 0.037003
20 0.037010
20 0.037016
20 0.037022
20 0.037037
20 0.037054
20 0.037060
20 0.037065
20 0.037070
20 0.037077
21 0.037083
21 0.037089
21 0.037104
21 0.037111
21 0.037117
21 0.037123
21 0.037129
21 0.037137
21 0.037142
21 0.037148
22 0.037154
22 0.037161
22 0.037167
22 0.037172
22 0.037178
22 0.037187
22 0.037192
22 0.037197
22 0.037203
22 0.037210
23 0.037216
23 0.037221
23 0.037229
23 0.037235
23 0.037241
23 0.037247
23 0.037254
23 0.037260
23 0.037266
23 0.037271
24 0.037278
24 0.037284
24 0.037291
24 0.037301
24 0.037307
24 0.037313
24 0.037321
24 0.037327
24 0.037333
24 0.037339
25 0.037346
25 0.037352
25 0.037358
25 0.037365
25 0.037371
25 0.037377
25 0.037383
25 0.037391
25 0.037398
25 0.037403
26 0.037411
26 0.037418
26 0.037425
26 0.037433
26 0.037440
26 0.037446
26 0.037454
26 0.037460
26 0.037477
26 0.037484
27 0.037490
27 0.037497
27 0.037503
27 0.037511
27 0.037518
27 0.037525
27 0.037534
27 0.037541
27 0.037547
27 0.037555
28 0.037562
28 0.037569
28 0.037577
28 0.037584
28 0.037600
28 0.037607
28 0.037614
28 0.037620
28 0.037628
28 0.037634
29 0.037641
29 0.037652
29 0.037659
29 0.037666
29 0.037673
29 0.037680
29 0.037689
29 0.037695
29 0.037701
29 0.037709
30 0.037717
30 0.037724
30 0.037732
30 0.037739
30 0.037746
30 0.037754
30 0.037761
30 0.037768
30 0.037776
30 0.037783
31 0.037791
31 0.037799
31 0.037805
31 0.037814
31 0.037821
31 0.037828
31 0.037837
31 0.037844
31 0.037853
31 0.037860
32 0.037868
32 0.037877
32 0.037885
32 0.037893
32 0.037902
32 0.037909
32 0.037917
32 0.037925
32 0.037932
32 0.037941
33 0.037948
33 0.037956
33 0.037964
33 0.037971
33 0.037980
33 0.037988
33 0.037996
33 0.038004
33 0.038012
33 0.038023
34 0.038031
34 0.038050
34 0.038059
34 0.038075
34 0.038084
34 0.038092
34 0.038111
34 0.038119
34 0.038127
34 0.038137
35 0.038145
35 0.038155
35 0.038164
35 0.038173
35 0.038183
35 0.038191
35 0.038202
35 0.038211
35 0.038228
35 0.038238
36 0.038247
36 0.038256
36 0.038265
36 0.038274
36 0.038283
36 0.038292
36 0.038301
36 0.038309
36 0.038319
36 0.038327
37 0.038337
37 0.038345
37 0.038355
37 0.038363
37 0.038371
37 0.038382
37 0.038390
37 0.038399
37 0.038408
37 0.038417
38 0.038426
38 0.038436
38 0.038445
38 0.038454
38 0.038465
38 0.038474
38 0.038484
38 0.038493
38 0.038503
38 0.038511
39 0.038524
39 0.038533
39 0.038544
39 0.038554
39 0.038564
39 0.038574
39 0.038582
39 0.038592
39 0.038601
39 0.038612
40 0.038621
40 0.038631
40 0.038640
40 0.038650
40 0.038659
40 0.038669
40 0.038679
40 0.038690
40 0.038699
40 0.038709
41 0.038718
41 0.038729
41 0.038738
41 0.038751
41 0.038760
41 0.038769
41 0.038781
41 0.038791
41 0.038802
41 0.038811
42 0.038822
42 0.038831
42 0.038843
42 0.038852
42 0.038863
42 0.038873
42 0.038883
42 0.038892
42 0.038903
42 0.038912
43 0.038924
43 0.038933
43 0.038944
43 0.038954
43 0.038965
43 0.038976
43 0.038986
43 0.039001
43 0.039011
43 0.039022
44 0.039032
44 0.039043
44 0.039053
44 0.039065
44 0.039075
44 0.039086
44 0.039096
44 0.039107
44 0.039118
44 0.039129
45 0.039139
45 0.039152
45 0.039162
45 0.039173
45 0.039183
45 0.039195
45 0.039208
45 0.039219
45 0.039230
45 0.039240
46 0.039251
46 0.039262
46 0.039274
46 0.039284
46 0.039296
46 0.039306
46 0.039318
46 0.039330
46 0.039340
46 0.039352
47 0.039362
47 0.039374
47 0.039384
47 0.039396
47 0.039407
47 0.039419
47 0.039434
47 0.039445
47 0.039459
47 0.039469
48 0.039481
48 0.039492
48 0.039504
48 0.039515
48 0.039527
48 0.039540
48 0.039551
48 0.039564
48 0.039575
48 0.039587
49 0.039598
49 0.039610
49 0.039623
49 0.039635
49 0.039647
49 0.039658
49 0.039670
49 0.039682
49 0.039693
49 0.039705
50 0.039717
50 0.039729
50 0.039741
50 0.039753
50 0.039767
50 0.039778
50 0.039790
50 0.039801
50 0.039815
50 0.039828
51 0.039839
51 0.039852
51 0.039864
51 0.039876
51 0.039889
51 0.039902
51 0.039915
51 0.039927
51 0.039938
51 0.039951
52 0.039963
52 0.039976
52 0.039990
52 0.040002
52 0.040016
52 0.040028
52 0.040041
52 0.040054
52 0.040066
52 0.040081
53 0.040094
53 0.040106
53 0.040123
53 0.040135
53 0.040148
53 0.040161
53 0.040172
53 0.040185
53 0.040199
53 0.040210
54 0.040223
54 0.040234
54 0.040246
54 0.040259
54 0.040270
54 0.040283
54 0.040308
54 0.040319
54 0.040342
54 0.040366
55 0.040387
55 0.040411
55 0.040435
55 0.040447
55 0.040469
55 0.040480
55 0.040491
55 0.040503
55 0.040514
55 0.040526
56 0.040539
56 0.040551
56 0.040563
56 0.040575
56 0.040586
56 0.040599
56 0.040611
56 0.040622
56 0.040634
56 0.040647
57 0.040659
57 0.040671
57 0.040683
57 0.040695
57 0.040708
57 0.040722
57 0.040733
57 0.040745
57 0.040757
57 0.040770
58 0.040781
58 0.040794
58 0.040811
58 0.040823
58 0.040836
58 0.040849
58 0.040861
58 0.040873
58 0.040886
58 0.040898
59 0.040911
59 0.040924
59 0.040936
59 0.040949
59 0.040962
59 0.040976
59 0.040988
59 0.041002
59 0.041026
59 0.041048
60 0.041071
60 0.041095
60 0.041109
60 0.041130
60 0.041152
60 0.041165
60 0.041178
60 0.041191
60 0.041204
60 0.041216
61 0.041230
61 0.041244
61 0.041257
61 0.041269
61 0.041283
61 0.041296
61 0.041310
61 0.041322
61 0.041337
61 0.041351
62 0.041364
62 0.041378
62 0.041392
62 0.041405
62 0.041417
62 0.041431
62 0.041444
62 0.041458
62 0.041471
62 0.041487
63 0.041501
63 0.041516
63 0.041529
63 0.041543
63 0.041556
63 0.041569
63 0.041581
63 0.041597
63 0.041613
63 0.041627
64 0.041640
64 0.041655
64 0.041669
64 0.041683
64 0.041696
64 0.041711
64 0.041725
64 0.041739
64 0.041751
64 0.041766
65 0.041780
65 0.041795
65 0.041808
65 0.041822
65 0.041835
65 0.041850
65 0.041863
65 0.041877
65 0.041893
65 0.041908
66 0.041922
66 0.041935
66 0.041950
66 0.041964
66 0.041978
66 0.041991
66 0.042005
66 0.042020
66 0.042034
66 0.042048
67 0.042061
67 0.042075
67 0.042090
67 0.042104
67 0.042118
67 0.042131
67 0.042145
67 0.042161
67 0.042175
67 0.042190
68 0.042204
68 0.042218
68 0.042232
68 0.042247
68 0.042262
68 0.042276
68 0.042292
68 0.042307
68 0.042321
68 0.042336
69 0.042349
69 0.042365
69 0.042379
69 0.042394
69 0.042409
69 0.042423
69 0.042439
69 0.042455
69 0.042469
69 0.042484
70 0.042499
70 0.042513
70 0.042528
70 0.042543
70 0.042558
70 0.042573
70 0.042589
70 0.042603
70 0.042618
70 0.042633
71 0.042648
71 0.042664
71 0.042680
71 0.042694
71 0.042710
71 0.042725
71 0.042743
71 0.042758
71 0.042773
71 0.042787
72 0.042803
72 0.042819
72 0.042835
72 0.042850
72 0.042865
72 0.042880
72 0.042894
72 0.042910
72 0.042926
72 0.042942
73 0.042958
73 0.042975
73 0.042991
73 0.043006
73 0.043023
73 0.043038
73 0.043053
73 0.043068
73 0.043084
73 0.043100
74 0.043114
74 0.043130
74 0.043146
74 0.043163
74 0.043179
74 0.043195
74 0.043211
74 0.043227
74 0.043242
74 0.043259
75 0.043274
75 0.043291
75 0.043308
75 0.043324
75 0.043339
75 0.043355
75 0.043372
75 0.043387
75 0.043403
75 0.043419
76 0.043435
76 0.043451
76 0.043467
76 0.043483
76 0.043500
76 0.043518
76 0.043533
76 0.043550
76 0.043566
76 0.043582
77 0.043599
77 0.043616
77 0.043633
77 0.043648
77 0.043665
77 0.043681
77 0.043697
77 0.043712
77 0.043728
77 0.043745
78 0.043762
78 0.043778
78 0.043796
78 0.043812
78 0.043828
78 0.043844
78 0.043861
78 0.043883
78 0.043900
78 0.043916
79 0.043932
79 0.043949
79 0.043965
79 0.043982
79 0.043998
79 0.044016
79 0.044033
79 0.044050
79 0.044068
79 0.044086
80 0.044103
80 0.044121
80 0.044138
80 0.044155
80 0.044172
80 0.044188
80 0.044204
80 0.044221
80 0.044238
80 0.044255
81 0.044273
81 0.044290
81 0.044308
81 0.044325
81 0.044343
81 0.044360
81 0.044377
81 0.044395
81 0.044412
81 0.044429
82 0.044457
82 0.044474
82 0.044493
82 0.044510
82 0.044526
82 0.044543
82 0.044560
82 0.044577
82 0.044595
82 0.044613
83 0.044631
83 0.044647
83 0.044674
83 0.044692
83 0.044710
83 0.044729
83 0.044747
83 0.044764
83 0.044781
83 0.044799
84 0.044826
84 0.044863
84 0.044891
84 0.044918
84 0.044936
84 0.044965
84 0.044982
84 0.045000
84 0.045018
84 0.045037
85 0.045056
85 0.045074
85 0.045091
85 0.045112
85 0.045140
85 0.045158
85 0.045187
85 0.045205
85 0.045224
85 0.045242
86 0.045261
86 0.045279
86 0.045296
86 0.045314
86 0.045333
86 0.045351
86 0.045369
86 0.045387
86 0.045405
86 0.045423
87 0.045441
87 0.045460
87 0.045478
87 0.045497
87 0.045516
87 0.045534
87 0.045552
87 0.045570
87 0.045588
87 0.045606
88 0.045625
88 0.045644
88 0.045663
88 0.045682
88 0.045700
88 0.045718
88 0.045736
88 0.045754
88 0.045774
88 0.045794
89 0.045813
89 0.045832
89 0.045850
89 0.045868
89 0.045886
89 0.045905
89 0.045924
89 0.045944
89 0.045963
89 0.045981
90 0.045999
90 0.046017
90 0.046036
90 0.046056
90 0.046075
90 0.046094
90 0.046113
90 0.046132
90 0.046151
90 0.046181
91 0.046219
91 0.046248
91 0.046277
91 0.046302
91 0.046323
91 0.046341
91 0.046361
91 0.046382
91 0.046402
91 0.046423
92 0.046442
92 0.046461
92 0.046480
92 0.046499
92 0.046518
92 0.046538
92 0.046557
92 0.046576
92 0.046595
92 0.046615
93 0.046634
93 0.046654
93 0.046674
93 0.046694
93 0.046713
93 0.046732
93 0.046752
93 0.046771
93 0.046791
93 0.046811
94 0.046831
94 0.046851
94 0.046871
94 0.046890
94 0.046909
94 0.046930
94 0.046951
94 0.046971
94 0.046991
94 0.047013
95 0.047033
95 0.047053
95 0.047073
95 0.047092
95 0.047112
95 0.047133
95 0.047153
95 0.047173
95 0.047194
95 0.047214
96 0.047234
96 0.047254
96 0.047275
96 0.047295
96 0.047315
96 0.047335
96 0.047355
96 0.047375
96 0.047395
96 0.047416
97 0.047440
97 0.047461
97 0.047482
97 0.047502
97 0.047522
97 0.047543
97 0.047564
97 0.047586
97 0.047608
97 0.047628
98 0.047649
98 0.047670
98 0.047690
98 0.047711
98 0.047733
98 0.047754
98 0.047775
98 0.047796
98 0.047816
98 0.047836
99 0.047857
99 0.047878
99 0.047899
99 0.047919
99 0.047939
99 0.047959
99 0.047980
99 0.048002
99 0.048024
99 0.048044
100 0.048064
100 0.048086
100 0.048106
100 0.048127
100 0.048148
100 0.048170
100 0.048197
100 0.048221
100 0.048242
100 0.048263
