1 0.027763
1 0.027763
1 0.027764
1 0.027764
1 0.027765
1 0.027766
1 0.027767
1 0.027768
1 0.027769
1 0.027770
2 0.027770
2 0.027771
2 0.027772
2 0.027772
2 0.027773
2 0.027774
2 0.027775
2 0.027776
2 0.027776
2 0.027777
3 0.027778
3 0.027778
3 0.027779
3 0.027780
3 0.027781
3 0.027781
3 0.027782
3 0.027783
3 0.027783
3 0.027784
4 0.027785
4 0.027786
4 0.027787
4 0.027788
4 0.027788
4 0.027789
4 0.027790
4 0.027791
4 0.027792
4 0.027792
5 0.027793
5 0.027794
5 0.027794
5 0.027795
5 0.027798
5 0.027799
5 0.027800
5 0.027801
5 0.027802
5 0.027803
6 0.027805
6 0.027806
6 0.027807
6 0.027808
6 0.027809
6 0.027810
6 0.027811
6 0.027814
6 0.027815
6 0.027816
7 0.027817
7 0.027818
7 0.027819
7 0.027820
7 0.027821
7 0.027822
7 0.027823
7 0.027825
7 0.027826
7 0.027828
8 0.027829
8 0.027830
8 0.027832
8 0.027833
8 0.027834
8 0.027835
8 0.027836
8 0.027838
8 0.027839
8 0.027842
9 0.027843
9 0.027845
9 0.027846
9 0.027848
9 0.027849
9 0.027851
9 0.027852
9 0.027854
9 0.027856
9 0.027857
10 0.027859
10 0.027861
10 0.027862
10 0.027863
10 0.027864
10 0.027866
10 0.027869
10 0.027870
10 0.027871
10 0.027873
11 0.027875
11 0.027877
11 0.027879
11 0.027885
11 0.027886
11 0.027887
11 0.027888
11 0.027890
11 0.027892
11 0.027894
12 0.027896
12 0.027899
12 0.027900
12 0.027902
12 0.027904
12 0.027906
12 0.027908
12 0.027911
12 0.027912
12 0.027914
13 0.027916
13 0.027918
13 0.027919
13 0.027921
13 0.027924
13 0.027925
13 0.027927
13 0.027929
13 0.027931
13 0.027932
14 0.027935
14 0.027937
14 0.027939
14 0.027941
14 0.027943
14 0.027945
14 0.027949
14 0.027951
14 0.027953
14 0.027955
15 0.027957
15 0.027959
15 0.027961
15 0.027963
15 0.027965
15 0.027968
15 0.027970
15 0.027973
15 0.027975
15 0.027977
16 0.027979
16 0.027981
16 0.027986
16 0.027988
16 0.027990
16 0.027992
16 0.028004
16 0.028008
16 0.028010
16 0.028012
17 0.028014
17 0.028017
17 0.028021
17 0.028024
17 0.028027
17 0.028029
17 0.028031
17 0.028034
17 0.028036
17 0.028038
18 0.028041
18 0.028044
18 0.028051
18 0.028053
18 0.028055
18 0.028057
18 0.028060
18 0.028062
18 0.028064
18 0.028066
19 0.028069
19 0.028073
19 0.028076
19 0.028079
19 0.028081
19 0.028085
19 0.028088
19 0.028090
19 0.028092
19 0.028095
20 0.028099
20 0.028102
20 0.028104
20 0.028107
20 0.028110
20 0.028113
20 0.028115
20 0.028118
20 0.028122
20 0.028125
21 0.028128
21 0.028130
21 0.028134
21 0.028137
21 0.028140
21 0.028142
21 0.028146
21 0.028149
21 0.028152
21 0.028155
22 0.028159
22 0.028162
22 0.028165
22 0.028169
22 0.028171
22 0.028174
22 0.028177
22 0.028183
22 0.028186
22 0.028189
23 0.028192
23 0.028196
23 0.028199
23 0.028202
23 0.028205
23 0.028210
23 0.028213
23 0.028216
23 0.028221
23 0.028225
24 0.028228
24 0.028231
24 0.028235
24 0.028238
24 0.028241
24 0.028245
24 0.028248
24 0.028252
24 0.028255
24 0.028259
25 0.028262
25 0.028265
25 0.028270
25 0.028273
25 0.028276
25 0.028281
25 0.028284
25 0.028288
25 0.028291
25 0.028305
26 0.028309
26 0.028312
26 0.028319
26 0.028322
26 0.028325
26 0.028330
26 0.028334
26 0.028337
26 0.028351
26 0.028354
27 0.028358
27 0.028373
27 0.028376
27 0.028379
27 0.028384
27 0.028388
27 0.028391
27 0.028395
27 0.028401
27 0.028405
28 0.028409
28 0.028414
28 0.028418
28 0.028422
28 0.028427
28 0.028431
28 0.028435
28 0.028440
28 0.028443
28 0.028446
29 0.028449
29 0.028452
29 0.028457
29 0.028461
29 0.028465
29 0.028470
29 0.028474
29 0.028478
29 0.028483
29 0.028487
30 0.028491
30 0.028496
30 0.028499
30 0.028503
30 0.028508
30 0.028511
30 0.028515
30 0.028520
30 0.028524
30 0.028529
31 0.028533
31 0.028537
31 0.028542
31 0.028546
31 0.028550
31 0.028555
31 0.028559
31 0.028564
31 0.028567
31 0.028571
32 0.028578
32 0.028583
32 0.028587
32 0.028592
32 0.028596
32 0.028601
32 0.028605
32 0.028609
32 0.028615
32 0.028619
33 0.028624
33 0.028639
33 0.028643
33 0.028658
33 0.028662
33 0.028667
33 0.028673
33 0.028678
33 0.028684
33 0.028689
34 0.028694
34 0.028700
34 0.028704
34 0.028709
34 0.028713
34 0.028717
34 0.028722
34 0.028727
34 0.028733
34 0.028738
35 0.028744
35 0.028749
35 0.028754
35 0.028761
35 0.028766
35 0.028772
35 0.028776
35 0.028781
35 0.028788
35 0.028793
36 0.028799
36 0.028804
36 0.028810
36 0.028815
36 0.028819
36 0.028825
36 0.028829
36 0.028835
36 0.028840
36 0.028846
37 0.028851
37 0.028855
37 0.028861
37 0.028866
37 0.028875
37 0.028880
37 0.028886
37 0.028890
37 0.028896
37 0.028901
38 0.028906
38 0.028913
38 0.028917
38 0.028924
38 0.028929
38 0.028935
38 0.028940
38 0.028947
38 0.028952
38 0.028958
39 0.028964
39 0.028970
39 0.028977
39 0.028982
39 0.028988
39 0.028993
39 0.028999
39 0.029004
39 0.029011
39 0.029016
40 0.029022
40 0.029027
40 0.029034
40 0.029039
40 0.029046
40 0.029051
40 0.029058
40 0.029063
40 0.029068
40 0.029074
41 0.029080
41 0.029087
41 0.029093
41 0.029100
41 0.029105
41 0.029112
41 0.029118
41 0.029124
41 0.029129
41 0.029136
42 0.029142
42 0.029149
42 0.029155
42 0.029163
42 0.029168
42 0.029176
42 0.029182
42 0.029189
42 0.029195
42 0.029202
43 0.029208
43 0.029224
43 0.029230
43 0.029237
43 0.029243
43 0.029251
43 0.029257
43 0.029264
43 0.029270
43 0.029277
44 0.029283
44 0.029291
44 0.029299
44 0.029305
44 0.029312
44 0.029327
44 0.029334
44 0.029340
44 0.029347
44 0.029353
45 0.029360
45 0.029366
45 0.029375
45 0.029381
45 0.029389
45 0.029395
45 0.029402
45 0.029408
45 0.029416
45 0.029423
46 0.029429
46 0.029446
46 0.029462
46 0.029470
46 0.029476
46 0.029484
46 0.029491
46 0.029500
46 0.029507
46 0.029515
47 0.029523
47 0.029530
47 0.029537
47 0.029553
47 0.029561
47 0.029568
47 0.029576
47 0.029582
47 0.029590
47 0.029609
48 0.029616
48 0.029624
48 0.029631
48 0.029639
48 0.029655
48 0.029664
48 0.029674
48 0.029681
48 0.029688
48 0.029695
49 0.029703
49 0.029709
49 0.029717
49 0.029725
49 0.029732
49 0.029740
49 0.029747
49 0.029759
49 0.029777
49 0.029784
50 0.029793
50 0.029801
50 0.029810
50 0.029817
50 0.029826
50 0.029836
50 0.029843
50 0.029852
50 0.029859
50 0.029868
51 0.029877
51 0.029885
51 0.029894
51 0.029901
51 0.029910
51 0.029919
51 0.029926
51 0.029935
51 0.029945
51 0.029952
52 0.029961
52 0.029969
52 0.029978
52 0.029997
52 0.030004
52 0.030013
52 0.030020
52 0.030029
52 0.030037
52 0.030044
53 0.030055
53 0.030064
53 0.030071
53 0.030079
53 0.030087
53 0.030095
53 0.030104
53 0.030112
53 0.030131
53 0.030140
54 0.030147
54 0.030177
54 0.030185
54 0.030194
54 0.030203
54 0.030211
54 0.030221
54 0.030231
54 0.030239
54 0.030248
55 0.030257
55 0.030265
55 0.030274
55 0.030284
55 0.030291
55 0.030299
55 0.030307
55 0.030314
55 0.030323
55 0.030331
56 0.030338
56 0.030347
56 0.030355
56 0.030364
56 0.030373
56 0.030381
56 0.030390
56 0.030400
56 0.030408
56 0.030417
57 0.030426
57 0.030434
57 0.030443
57 0.030452
57 0.030461
57 0.030468
57 0.030479
57 0.030489
57 0.030497
57 0.030507
58 0.030517
58 0.030525
58 0.030534
58 0.030544
58 0.030552
58 0.030561
58 0.030571
58 0.030579
58 0.030598
58 0.030608
59 0.030616
59 0.030629
59 0.030640
59 0.030659
59 0.030667
59 0.030680
59 0.030690
59 0.030698
59 0.030709
59 0.030718
60 0.030726
60 0.030736
60 0.030746
60 0.030756
60 0.030764
60 0.030774
60 0.030783
60 0.030791
60 0.030800
60 0.030809
61 0.030818
61 0.030826
61 0.030835
61 0.030845
61 0.030853
61 0.030863
61 0.030873
61 0.030883
61 0.030891
61 0.030912
62 0.030922
62 0.030932
62 0.030940
62 0.030950
62 0.030960
62 0.030969
62 0.030977
62 0.030987
62 0.030997
62 0.031006
63 0.031016
63 0.031026
63 0.031036
63 0.031045
63 0.031055
63 0.031065
63 0.031078
63 0.031087
63 0.031097
63 0.031108
64 0.031117
64 0.031126
64 0.031136
64 0.031155
64 0.031165
64 0.031174
64 0.031185
64 0.031195
64 0.031205
64 0.031214
65 0.031224
65 0.031235
65 0.031245
65 0.031256
65 0.031265
65 0.031275
65 0.031286
65 0.031296
65 0.031305
65 0.031318
66 0.031328
66 0.031338
66 0.031349
66 0.031358
66 0.031368
66 0.031379
66 0.031390
66 0.031399
66 0.031410
66 0.031420
67 0.031431
67 0.031442
67 0.031452
67 0.031462
67 0.031483
67 0.031503
67 0.031513
67 0.031522
67 0.031534
67 0.031550
68 0.031560
68 0.031571
68 0.031580
68 0.031591
68 0.031601
68 0.031612
68 0.031622
68 0.031632
68 0.031642
68 0.031653
69 0.031663
69 0.031674
69 0.031683
69 0.031694
69 0.031705
69 0.031716
69 0.031727
69 0.031737
69 0.031747
69 0.031757
70 0.031768
70 0.031779
70 0.031790
70 0.031800
70 0.031811
70 0.031822
70 0.031833
70 0.031844
70 0.031855
70 0.031864
71 0.031875
71 0.031886
71 0.031897
71 0.031908
71 0.031920
71 0.031930
71 0.031941
71 0.031952
71 0.031963
71 0.031990
72 0.032011
72 0.032022
72 0.032032
72 0.032043
72 0.032055
72 0.032067
72 0.032078
72 0.032089
72 0.032099
72 0.032110
73 0.032123
73 0.032134
73 0.032146
73 0.032157
73 0.032169
73 0.032180
73 0.032190
73 0.032202
73 0.032214
73 0.032226
74 0.032238
74 0.032250
74 0.032262
74 0.032273
74 0.032284
74 0.032295
74 0.032307
74 0.032318
74 0.032329
74 0.032342
75 0.032353
75 0.032363
75 0.032375
75 0.032387
75 0.032402
75 0.032413
75 0.032425
75 0.032438
75 0.032449
75 0.032461
76 0.032472
76 0.032484
76 0.032496
76 0.032508
76 0.032519
76 0.032531
76 0.032544
76 0.032556
76 0.032567
76 0.032579
77 0.032590
77 0.032602
77 0.032613
77 0.032625
77 0.032638
77 0.032650
77 0.032661
77 0.032673
77 0.032685
77 0.032697
78 0.032709
78 0.032721
78 0.032732
78 0.032745
78 0.032757
78 0.032769
78 0.032782
78 0.032794
78 0.032806
78 0.032818
79 0.032831
79 0.032844
79 0.032856
79 0.032869
79 0.032881
79 0.032892
79 0.032904
79 0.032916
79 0.032928
79 0.032941
80 0.032953
80 0.032965
80 0.032978
80 0.032990
80 0.033003
80 0.033016
80 0.033028
80 0.033041
80 0.033053
80 0.033066
81 0.033079
81 0.033091
81 0.033103
81 0.033115
81 0.033126
81 0.033139
81 0.033152
81 0.033165
81 0.033177
81 0.033190
82 0.033203
82 0.033216
82 0.033232
82 0.033245
82 0.033258
82 0.033271
82 0.033284
82 0.033297
82 0.033311
82 0.033323
83 0.033337
83 0.033350
83 0.033364
83 0.033377
83 0.033390
83 0.033403
83 0.033416
83 0.033429
83 0.033442
83 0.033455
84 0.033468
84 0.033481
84 0.033494
84 0.033507
84 0.033520
84 0.033534
84 0.033547
84 0.033560
84 0.033573
84 0.033586
85 0.033599
85 0.033613
85 0.033626
85 0.033639
85 0.033652
85 0.033665
85 0.033678
85 0.033691
85 0.033705
85 0.033718
86 0.033732
86 0.033747
86 0.033760
86 0.033773
86 0.033786
86 0.033799
86 0.033813
86 0.033826
86 0.033839
86 0.033852
87 0.033865
87 0.033878
87 0.033891
87 0.033904
87 0.033917
87 0.033931
87 0.033944
87 0.033957
87 0.033971
87 0.033985
88 0.033999
88 0.034013
88 0.034027
88 0.034041
88 0.034054
88 0.034071
88 0.034085
88 0.034099
88 0.034113
88 0.034129
89 0.034143
89 0.034156
89 0.034170
89 0.034185
89 0.034198
89 0.034212
89 0.034226
89 0.034239
89 0.034253
89 0.034267
90 0.034281
90 0.034295
90 0.034309
90 0.034323
90 0.034338
90 0.034352
90 0.034366
90 0.034381
90 0.034395
90 0.034409
91 0.034423
91 0.034437
91 0.034452
91 0.034466
91 0.034480
91 0.034494
91 0.034508
91 0.034522
91 0.034537
91 0.034551
92 0.034566
92 0.034581
92 0.034596
92 0.034610
92 0.034626
92 0.034640
92 0.034655
92 0.034669
92 0.034684
92 0.034698
93 0.034712
93 0.034727
93 0.034744
93 0.034769
93 0.034793
93 0.034808
93 0.034822
93 0.034837
93 0.034851
93 0.034866
94 0.034880
94 0.034895
94 0.034911
94 0.034929
94 0.034944
94 0.034960
94 0.034974
94 0.034999
94 0.035014
94 0.035029
95 0.035045
95 0.035071
95 0.035087
95 0.035102
95 0.035119
95 0.035134
95 0.035149
95 0.035174
95 0.035198
95 0.035224
96 0.035250
96 0.035276
96 0.035300
96 0.035316
96 0.035331
96 0.035347
96 0.035371
96 0.035388
96 0.035403
96 0.035418
97 0.035433
97 0.035448
97 0.035465
97 0.035480
97 0.035507
97 0.035523
97 0.035548
97 0.035563
97 0.035578
97 0.035593
98 0.035608
98 0.035625
98 0.035641
98 0.035658
98 0.035673
98 0.035690
98 0.035705
98 0.035721
98 0.035736
98 0.035751
99 0.035766
99 0.035782
99 0.035798
99 0.035815
99 0.035830
99 0.035846
99 0.035862
99 0.035877
99 0.035893
99 0.035912
100 0.035928
100 0.035944
100 0.035960
100 0.035975
100 0.035991
100 0.036009
100 0.036025
100 0.036040
100 0.036056
100 0.036072
