1 0.012884
1 0.012888
1 0.012900
1 0.012904
1 0.012908
1 0.012912
1 0.012916
1 0.012919
1 0.012922
1 0.012926
2 0.012930
2 0.012934
2 0.012938
2 0.012941
2 0.012944
2 0.012947
2 0.012950
2 0.012953
2 0.012956
2 0.012959
3 0.012963
3 0.012969
3 0.012972
3 0.012976
3 0.012979
3 0.012983
3 0.012987
3 0.012990
3 0.012994
3 0.012997
4 0.013001
4 0.013005
4 0.013008
4 0.013012
4 0.013016
4 0.013020
4 0.013023
4 0.013027
4 0.013031
4 0.013034
5 0.013038
5 0.013042
5 0.013045
5 0.013049
5 0.013053
5 0.013058
5 0.013062
5 0.013065
5 0.013069
5 0.013072
6 0.013076
6 0.013081
6 0.013085
6 0.013089
6 0.013092
6 0.013096
6 0.013101
6 0.013105
6 0.013109
6 0.013113
7 0.013117
7 0.013121
7 0.013126
7 0.013131
7 0.013135
7 0.013141
7 0.013145
7 0.013150
7 0.013154
7 0.013158
8 0.013164
8 0.013169
8 0.013175
8 0.013179
8 0.013183
8 0.013187
8 0.013193
8 0.013197
8 0.013201
8 0.013207
9 0.013213
9 0.013219
9 0.013224
9 0.013229
9 0.013236
9 0.013241
9 0.013245
9 0.013251
9 0.013256
9 0.013262
10 0.013267
10 0.013272
10 0.013277
10 0.013282
10 0.013286
10 0.013291
10 0.013295
10 0.013302
10 0.013307
10 0.013312
11 0.013317
11 0.013322
11 0.013328
11 0.013333
11 0.013338
11 0.013343
11 0.013348
11 0.013354
11 0.013359
11 0.013365
12 0.013370
12 0.013375
12 0.013382
12 0.013387
12 0.013393
12 0.013398
12 0.013405
12 0.013410
12 0.013425
12 0.013439
13 0.013444
13 0.013454
13 0.013459
13 0.013466
13 0.013471
13 0.013477
13 0.013482
13 0.013487
13 0.013493
13 0.013498
14 0.013502
14 0.013507
14 0.013514
14 0.013519
14 0.013524
14 0.013529
14 0.013536
14 0.013541
14 0.013547
14 0.013552
15 0.013559
15 0.013565
15 0.013572
15 0.013577
15 0.013584
15 0.013589
15 0.013595
15 0.013600
15 0.013607
15 0.013612
16 0.013619
16 0.013625
16 0.013633
16 0.013639
16 0.013645
16 0.013651
16 0.013657
16 0.013669
16 0.013674
16 0.013680
17 0.013685
17 0.013691
17 0.013706
17 0.013713
17 0.013719
17 0.013726
17 0.013732
17 0.013747
17 0.013753
17 0.013768
18 0.013775
18 0.013780
18 0.013787
18 0.013792
18 0.013799
18 0.013804
18 0.013821
18 0.013829
18 0.013844
18 0.013853
19 0.013860
19 0.013866
19 0.013874
19 0.013880
19 0.013886
19 0.013894
19 0.013900
19 0.013917
19 0.013923
19 0.013930
20 0.013937
20 0.013943
20 0.013950
20 0.013957
20 0.013963
20 0.013971
20 0.013978
20 0.013984
20 0.013991
20 0.013997
21 0.014004
21 0.014012
21 0.014021
21 0.014027
21 0.014035
21 0.014041
21 0.014048
21 0.014055
21 0.014061
21 0.014068
22 0.014075
22 0.014081
22 0.014089
22 0.014096
22 0.014102
22 0.014109
22 0.014116
22 0.014122
22 0.014129
22 0.014136
23 0.014142
23 0.014149
23 0.014157
23 0.014163
23 0.014171
23 0.014181
23 0.014188
23 0.014196
23 0.014214
23 0.014220
24 0.014238
24 0.014255
24 0.014262
24 0.014270
24 0.014276
24 0.014283
24 0.014291
24 0.014298
24 0.014305
24 0.014313
25 0.014322
25 0.014331
25 0.014338
25 0.014346
25 0.014353
25 0.014363
25 0.014371
25 0.014379
25 0.014387
25 0.014393
26 0.014401
26 0.014409
26 0.014423
26 0.014431
26 0.014439
26 0.014446
26 0.014455
26 0.014463
26 0.014471
26 0.014478
27 0.014485
27 0.014493
27 0.014501
27 0.014508
27 0.014517
27 0.014525
27 0.014533
27 0.014541
27 0.014548
27 0.014555
28 0.014563
28 0.014572
28 0.014580
28 0.014589
28 0.014599
28 0.014607
28 0.014614
28 0.014621
28 0.014628
28 0.014636
29 0.014644
29 0.014654
29 0.014662
29 0.014671
29 0.014680
29 0.014688
29 0.014696
29 0.014705
29 0.014714
29 0.014723
30 0.014730
30 0.014739
30 0.014748
30 0.014757
30 0.014766
30 0.014774
30 0.014783
30 0.014793
30 0.014802
30 0.014811
31 0.014820
31 0.014829
31 0.014838
31 0.014848
31 0.014858
31 0.014868
31 0.014877
31 0.014886
31 0.014895
31 0.014905
32 0.014915
32 0.014924
32 0.014934
32 0.014943
32 0.014952
32 0.014961
32 0.014970
32 0.014979
32 0.014989
32 0.014998
33 0.015013
33 0.015024
33 0.015033
33 0.015042
33 0.015051
33 0.015060
33 0.015071
33 0.015081
33 0.015090
33 0.015100
34 0.015110
34 0.015132
34 0.015143
34 0.015163
34 0.015173
34 0.015183
34 0.015193
34 0.015203
34 0.015213
34 0.015223
35 0.015235
35 0.015245
35 0.015254
35 0.015263
35 0.015273
35 0.015283
35 0.015294
35 0.015304
35 0.015314
35 0.015324
36 0.015333
36 0.015343
36 0.015352
36 0.015362
36 0.015375
36 0.015385
36 0.015395
36 0.015405
36 0.015415
36 0.015426
37 0.015436
37 0.015446
37 0.015456
37 0.015467
37 0.015477
37 0.015487
37 0.015499
37 0.015509
37 0.015519
37 0.015530
38 0.015541
38 0.015551
38 0.015562
38 0.015573
38 0.015584
38 0.015594
38 0.015610
38 0.015620
38 0.015630
38 0.015641
39 0.015653
39 0.015664
39 0.015675
39 0.015686
39 0.015697
39 0.015707
39 0.015718
39 0.015729
39 0.015741
39 0.015752
40 0.015763
40 0.015774
40 0.015785
40 0.015795
40 0.015805
40 0.015816
40 0.015829
40 0.015840
40 0.015851
40 0.015862
41 0.015875
41 0.015886
41 0.015897
41 0.015911
41 0.015922
41 0.015933
41 0.015943
41 0.015955
41 0.015967
41 0.015978
42 0.015990
42 0.016001
42 0.016012
42 0.016025
42 0.016037
42 0.016048
42 0.016071
42 0.016083
42 0.016103
42 0.016123
43 0.016135
43 0.016148
43 0.016159
43 0.016171
43 0.016182
43 0.016194
43 0.016212
43 0.016224
43 0.016236
43 0.016248
44 0.016261
44 0.016273
44 0.016285
44 0.016298
44 0.016309
44 0.016320
44 0.016332
44 0.016345
44 0.016357
44 0.016370
45 0.016382
45 0.016395
45 0.016407
45 0.016418
45 0.016431
45 0.016442
45 0.016456
45 0.016467
45 0.016479
45 0.016492
46 0.016505
46 0.016518
46 0.016530
46 0.016542
46 0.016556
46 0.016568
46 0.016581
46 0.016593
46 0.016605
46 0.016619
47 0.016631
47 0.016643
47 0.016656
47 0.016668
47 0.016679
47 0.016691
47 0.016703
47 0.016716
47 0.016728
47 0.016740
48 0.016756
48 0.016768
48 0.016786
48 0.016799
48 0.016824
48 0.016837
48 0.016851
48 0.016874
48 0.016889
48 0.016903
49 0.016920
49 0.016933
49 0.016947
49 0.016960
49 0.016975
49 0.016989
49 0.017005
49 0.017020
49 0.017034
49 0.017050
50 0.017066
50 0.017082
50 0.017098
50 0.017115
50 0.017129
50 0.017144
50 0.017157
50 0.017172
50 0.017186
50 0.017201
51 0.017216
51 0.017232
51 0.017247
51 0.017263
51 0.017277
51 0.017293
51 0.017316
51 0.017332
51 0.017347
51 0.017360
52 0.017376
52 0.017389
52 0.017414
52 0.017429
52 0.017460
52 0.017483
52 0.017498
52 0.017531
52 0.017557
52 0.017574
53 0.017587
53 0.017602
53 0.017616
53 0.017632
53 0.017646
53 0.017662
53 0.017676
53 0.017700
53 0.017716
53 0.017732
54 0.017748
54 0.017762
54 0.017778
54 0.017793
54 0.017810
54 0.017829
54 0.017845
54 0.017860
54 0.017878
54 0.017893
55 0.017910
55 0.017927
55 0.017942
55 0.017958
55 0.017975
55 0.017990
55 0.018006
55 0.018030
55 0.018044
55 0.018059
56 0.018073
56 0.018088
56 0.018112
56 0.018131
56 0.018147
56 0.018164
56 0.018177
56 0.018204
56 0.018229
56 0.018244
57 0.018259
57 0.018275
57 0.018299
57 0.018313
57 0.018339
57 0.018357
57 0.018382
57 0.018396
57 0.018421
57 0.018436
58 0.018449
58 0.018465
58 0.018491
58 0.018516
58 0.018533
58 0.018559
58 0.018583
58 0.018598
58 0.018612
58 0.018628
59 0.018644
59 0.018660
59 0.018674
59 0.018692
59 0.018708
59 0.018724
59 0.018740
59 0.018755
59 0.018771
59 0.018792
60 0.018808
60 0.018825
60 0.018842
60 0.018861
60 0.018875
60 0.018890
60 0.018907
60 0.018949
60 0.018986
60 0.019011
61 0.019037
61 0.019064
61 0.019092
61 0.019110
61 0.019127
61 0.019143
61 0.019168
61 0.019186
61 0.019205
61 0.019222
62 0.019247
62 0.019264
62 0.019280
62 0.019296
62 0.019313
62 0.019329
62 0.019347
62 0.019362
62 0.019379
62 0.019395
63 0.019412
63 0.019428
63 0.019443
63 0.019458
63 0.019482
63 0.019497
63 0.019513
63 0.019529
63 0.019546
63 0.019563
64 0.019578
64 0.019594
64 0.019612
64 0.019629
64 0.019646
64 0.019662
64 0.019679
64 0.019697
64 0.019714
64 0.019731
65 0.019749
65 0.019766
65 0.019783
65 0.019801
65 0.019820
65 0.019835
65 0.019851
65 0.019868
65 0.019887
65 0.019905
66 0.019922
66 0.019939
66 0.019956
66 0.019974
66 0.019991
66 0.020008
66 0.020025
66 0.020048
66 0.020065
66 0.020081
67 0.020098
67 0.020116
67 0.020133
67 0.020153
67 0.020169
67 0.020187
67 0.020204
67 0.020222
67 0.020239
67 0.020255
68 0.020273
68 0.020290
68 0.020307
68 0.020325
68 0.020343
68 0.020360
68 0.020377
68 0.020394
68 0.020412
68 0.020430
69 0.020449
69 0.020468
69 0.020486
69 0.020501
69 0.020517
69 0.020535
69 0.020550
69 0.020568
69 0.020592
69 0.020611
70 0.020630
70 0.020648
70 0.020667
70 0.020685
70 0.020703
70 0.020722
70 0.020740
70 0.020758
70 0.020775
70 0.020793
71 0.020811
71 0.020828
71 0.020847
71 0.020865
71 0.020882
71 0.020900
71 0.020917
71 0.020936
71 0.020955
71 0.020974
72 0.020993
72 0.021012
72 0.021030
72 0.021048
72 0.021070
72 0.021088
72 0.021107
72 0.021125
72 0.021150
72 0.021167
73 0.021187
73 0.021208
73 0.021227
73 0.021244
73 0.021262
73 0.021283
73 0.021301
73 0.021321
73 0.021339
73 0.021357
74 0.021376
74 0.021396
74 0.021415
74 0.021434
74 0.021455
74 0.021474
74 0.021493
74 0.021511
74 0.021529
74 0.021547
75 0.021569
75 0.021588
75 0.021609
75 0.021628
75 0.021646
75 0.021671
75 0.021688
75 0.021707
75 0.021726
75 0.021744
76 0.021763
76 0.021783
76 0.021803
76 0.021824
76 0.021843
76 0.021862
76 0.021881
76 0.021900
76 0.021919
76 0.021939
77 0.021958
77 0.021977
77 0.021998
77 0.022017
77 0.022037
77 0.022055
77 0.022076
77 0.022096
77 0.022117
77 0.022137
78 0.022156
78 0.022175
78 0.022194
78 0.022219
78 0.022236
78 0.022258
78 0.022277
78 0.022295
78 0.022316
78 0.022336
79 0.022358
79 0.022378
79 0.022399
79 0.022419
79 0.022442
79 0.022462
79 0.022484
79 0.022503
79 0.022523
79 0.022544
80 0.022564
80 0.022585
80 0.022606
80 0.022627
80 0.022647
80 0.022667
80 0.022687
80 0.022708
80 0.022729
80 0.022748
81 0.022775
81 0.022797
81 0.022817
81 0.022837
81 0.022857
81 0.022879
81 0.022898
81 0.022918
81 0.022940
81 0.022959
82 0.022980
82 0.023006
82 0.023027
82 0.023047
82 0.023068
82 0.023088
82 0.023109
82 0.023130
82 0.023152
82 0.023173
83 0.023196
83 0.023217
83 0.023239
83 0.023261
83 0.023283
83 0.023309
83 0.023331
83 0.023353
83 0.023374
83 0.023393
84 0.023413
84 0.023435
84 0.023455
84 0.023477
84 0.023498
84 0.023521
84 0.023543
84 0.023565
84 0.023586
84 0.023606
85 0.023629
85 0.023650
85 0.023672
85 0.023694
85 0.023715
85 0.023738
85 0.023761
85 0.023782
85 0.023802
85 0.023823
86 0.023851
86 0.023873
86 0.023895
86 0.023918
86 0.023940
86 0.023962
86 0.023984
86 0.024008
86 0.024031
86 0.024052
87 0.024074
87 0.024097
87 0.024119
87 0.024143
87 0.024165
87 0.024187
87 0.024209
87 0.024232
87 0.024255
87 0.024276
88 0.024309
88 0.024333
88 0.024358
88 0.024381
88 0.024413
88 0.024442
88 0.024468
88 0.024492
88 0.024517
88 0.024543
89 0.024571
89 0.024596
89 0.024622
89 0.024648
89 0.024673
89 0.024720
89 0.024745
89 0.024771
89 0.024794
89 0.024820
90 0.024844
90 0.024871
90 0.024896
90 0.024921
90 0.024945
90 0.024971
90 0.024997
90 0.025028
90 0.025053
90 0.025081
91 0.025106
91 0.025131
91 0.025157
91 0.025181
91 0.025206
91 0.025232
91 0.025257
91 0.025281
91 0.025307
91 0.025331
92 0.025355
92 0.025382
92 0.025408
92 0.025433
92 0.025458
92 0.025484
92 0.025510
92 0.025535
92 0.025561
92 0.025588
93 0.025618
93 0.025643
93 0.025670
93 0.025697
93 0.025724
93 0.025750
93 0.025776
93 0.025800
93 0.025826
93 0.025852
94 0.025878
94 0.025902
94 0.025928
94 0.025953
94 0.025979
94 0.026006
94 0.026033
94 0.026057
94 0.026084
94 0.026111
95 0.026138
95 0.026165
95 0.026195
95 0.026219
95 0.026246
95 0.026274
95 0.026302
95 0.026329
95 0.026356
95 0.026383
96 0.026411
96 0.026438
96 0.026464
96 0.026488
96 0.026514
96 0.026541
96 0.026570
96 0.026597
96 0.026625
96 0.026653
97 0.026680
97 0.026708
97 0.026735
97 0.026763
97 0.026793
97 0.026820
97 0.026849
97 0.026877
97 0.026904
97 0.026931
98 0.026958
98 0.026987
98 0.027014
98 0.027039
98 0.027066
98 0.027093
98 0.027122
98 0.027149
98 0.027177
98 0.027204
99 0.027233
99 0.027262
99 0.027289
99 0.027316
99 0.027344
99 0.027374
99 0.027402
99 0.027429
99 0.027454
99 0.027480
100 0.027508
100 0.027538
100 0.027565
100 0.027593
100 0.027623
100 0.027650
100 0.027679
100 0.027707
100 0.027735
100 0.027762
