1 0.000573
1 0.000574
1 0.000575
1 0.000575
1 0.000575
1 0.000576
1 0.000577
1 0.000578
1 0.000578
1 0.000578
2 0.000579
2 0.000579
2 0.000579
2 0.000580
2 0.000581
2 0.000581
2 0.000581
2 0.000581
2 0.000582
2 0.000583
3 0.000584
3 0.000585
3 0.000585
3 0.000586
3 0.000588
3 0.000589
3 0.000589
3 0.000599
3 0.000600
3 0.000601
4 0.000602
4 0.000603
4 0.000604
4 0.000605
4 0.000606
4 0.000607
4 0.000608
4 0.000609
4 0.000610
4 0.000611
5 0.000611
5 0.000612
5 0.000613
5 0.000614
5 0.000615
5 0.000616
5 0.000617
5 0.000618
5 0.000619
5 0.000622
6 0.000623
6 0.000624
6 0.000625
6 0.000627
6 0.000629
6 0.000630
6 0.000631
6 0.000632
6 0.000635
6 0.000636
7 0.000637
7 0.000638
7 0.000648
7 0.000650
7 0.000651
7 0.000652
7 0.000653
7 0.000656
7 0.000657
7 0.000658
8 0.000659
8 0.000661
8 0.000664
8 0.000665
8 0.000666
8 0.000667
8 0.000670
8 0.000671
8 0.000673
8 0.000674
9 0.000677
9 0.000679
9 0.000680
9 0.000682
9 0.000683
9 0.000685
9 0.000687
9 0.000689
9 0.000691
9 0.000692
10 0.000694
10 0.000697
10 0.000698
10 0.000701
10 0.000703
10 0.000705
10 0.000707
10 0.000708
10 0.000709
10 0.000712
11 0.000714
11 0.000717
11 0.000719
11 0.000721
11 0.000723
11 0.000725
11 0.000728
11 0.000729
11 0.000731
11 0.000734
12 0.000735
12 0.000739
12 0.000741
12 0.000743
12 0.000746
12 0.000748
12 0.000752
12 0.000754
12 0.000757
12 0.000759
13 0.000761
13 0.000763
13 0.000764
13 0.000767
13 0.000769
13 0.000772
13 0.000774
13 0.000777
13 0.000779
13 0.000781
14 0.000784
14 0.000785
14 0.000788
14 0.000790
14 0.000793
14 0.000795
14 0.000797
14 0.000799
14 0.000801
14 0.000804
15 0.000806
15 0.000809
15 0.000811
15 0.000815
15 0.000817
15 0.000820
15 0.000822
15 0.000826
15 0.000828
15 0.000832
16 0.000834
16 0.000850
16 0.000853
16 0.000858
16 0.000861
16 0.000866
16 0.000869
16 0.000874
16 0.000877
16 0.000882
17 0.000886
17 0.000892
17 0.000895
17 0.000900
17 0.000903
17 0.000908
17 0.000911
17 0.000916
17 0.000920
17 0.000925
18 0.000928
18 0.000934
18 0.000938
18 0.000943
18 0.000949
18 0.000952
18 0.000958
18 0.000962
18 0.000970
18 0.000976
19 0.000980
19 0.000985
19 0.000989
19 0.000995
19 0.001000
19 0.001004
19 0.001012
19 0.001016
19 0.001022
19 0.001028
20 0.001032
20 0.001038
20 0.001042
20 0.001048
20 0.001054
20 0.001058
20 0.001063
20 0.001067
20 0.001078
20 0.001084
21 0.001088
21 0.001094
21 0.001101
21 0.001105
21 0.001111
21 0.001117
21 0.001121
21 0.001128
21 0.001132
21 0.001137
22 0.001143
22 0.001148
22 0.001153
22 0.001159
22 0.001164
22 0.001170
22 0.001177
22 0.001181
22 0.001187
22 0.001193
23 0.001197
23 0.001204
23 0.001210
23 0.001214
23 0.001222
23 0.001228
23 0.001233
23 0.001239
23 0.001245
23 0.001249
24 0.001256
24 0.001262
24 0.001267
24 0.001274
24 0.001280
24 0.001287
24 0.001291
24 0.001300
24 0.001306
24 0.001311
25 0.001317
25 0.001324
25 0.001330
25 0.001335
25 0.001341
25 0.001349
25 0.001354
25 0.001361
25 0.001367
25 0.001372
26 0.001377
26 0.001383
26 0.001390
26 0.001395
26 0.001402
26 0.001408
26 0.001413
26 0.001418
26 0.001425
26 0.001432
27 0.001439
27 0.001445
27 0.001451
27 0.001458
27 0.001466
27 0.001474
27 0.001482
27 0.001489
27 0.001497
27 0.001504
28 0.001511
28 0.001519
28 0.001528
28 0.001535
28 0.001543
28 0.001549
28 0.001555
28 0.001562
28 0.001571
28 0.001579
29 0.001586
29 0.001601
29 0.001609
29 0.001616
29 0.001624
29 0.001631
29 0.001639
29 0.001647
29 0.001654
29 0.001660
30 0.001666
30 0.001672
30 0.001680
30 0.001686
30 0.001693
30 0.001700
30 0.001708
30 0.001717
30 0.001724
30 0.001732
31 0.001739
31 0.001747
31 0.001755
31 0.001762
31 0.001770
31 0.001778
31 0.001786
31 0.001794
31 0.001802
31 0.001809
32 0.001817
32 0.001825
32 0.001836
32 0.001844
32 0.001852
32 0.001859
32 0.001867
32 0.001875
32 0.001883
32 0.001891
33 0.001899
33 0.001907
33 0.001915
33 0.001923
33 0.001931
33 0.001940
33 0.001948
33 0.001958
33 0.001966
33 0.001974
34 0.001982
34 0.001989
34 0.001997
34 0.002005
34 0.002013
34 0.002022
34 0.002031
34 0.002040
34 0.002048
34 0.002056
35 0.002065
35 0.002076
35 0.002085
35 0.002093
35 0.002109
35 0.002118
35 0.002126
35 0.002134
35 0.002143
35 0.002151
36 0.002160
36 0.002169
36 0.002178
36 0.002186
36 0.002195
36 0.002205
36 0.002214
36 0.002223
36 0.002234
36 0.002243
37 0.002252
37 0.002261
37 0.002269
37 0.002278
37 0.002287
37 0.002298
37 0.002307
37 0.002315
37 0.002326
37 0.002335
38 0.002344
38 0.002353
38 0.002362
38 0.002373
38 0.002382
38 0.002391
38 0.002400
38 0.002408
38 0.002419
38 0.002428
39 0.002437
39 0.002447
39 0.002456
39 0.002465
39 0.002474
39 0.002483
39 0.002492
39 0.002502
39 0.002511
39 0.002521
40 0.002531
40 0.002540
40 0.002549
40 0.002559
40 0.002569
40 0.002578
40 0.002587
40 0.002597
40 0.002612
40 0.002621
41 0.002631
41 0.002642
41 0.002651
41 0.002662
41 0.002672
41 0.002681
41 0.002692
41 0.002701
41 0.002712
41 0.002722
42 0.002731
42 0.002741
42 0.002753
42 0.002764
42 0.002774
42 0.002784
42 0.002795
42 0.002805
42 0.002817
42 0.002826
43 0.002838
43 0.002848
43 0.002857
43 0.002867
43 0.002879
43 0.002889
43 0.002899
43 0.002908
43 0.002921
43 0.002931
44 0.002943
44 0.002953
44 0.002964
44 0.002974
44 0.002984
44 0.002994
44 0.003004
44 0.003014
44 0.003024
44 0.003035
45 0.003046
45 0.003056
45 0.003070
45 0.003081
45 0.003091
45 0.003104
45 0.003114
45 0.003124
45 0.003140
45 0.003151
46 0.003164
46 0.003174
46 0.003185
46 0.003200
46 0.003211
46 0.003222
46 0.003235
46 0.003245
46 0.003256
46 0.003267
47 0.003278
47 0.003291
47 0.003302
47 0.003313
47 0.003327
47 0.003337
47 0.003348
47 0.003360
47 0.003371
47 0.003382
48 0.003393
48 0.003404
48 0.003417
48 0.003428
48 0.003442
48 0.003453
48 0.003464
48 0.003477
48 0.003488
48 0.003500
49 0.003511
49 0.003524
49 0.003535
49 0.003546
49 0.003560
49 0.003571
49 0.003584
49 0.003595
49 0.003608
49 0.003620
50 0.003631
50 0.003644
50 0.003655
50 0.003672
50 0.003683
50 0.003696
50 0.003708
50 0.003719
50 0.003732
50 0.003743
51 0.003759
51 0.003770
51 0.003784
51 0.003796
51 0.003810
51 0.003823
51 0.003835
51 0.003847
51 0.003859
51 0.003873
52 0.003885
52 0.003899
52 0.003911
52 0.003925
52 0.003937
52 0.003952
52 0.003964
52 0.003978
52 0.003990
52 0.004004
53 0.004016
53 0.004030
53 0.004044
53 0.004058
53 0.004070
53 0.004085
53 0.004097
53 0.004109
53 0.004121
53 0.004133
54 0.004146
54 0.004160
54 0.004173
54 0.004188
54 0.004202
54 0.004216
54 0.004230
54 0.004245
54 0.004257
54 0.004272
55 0.004286
55 0.004299
55 0.004314
55 0.004329
55 0.004345
55 0.004359
55 0.004372
55 0.004386
55 0.004417
55 0.004429
56 0.004443
56 0.004457
56 0.004469
56 0.004485
56 0.004497
56 0.004510
56 0.004524
56 0.004536
56 0.004550
56 0.004564
57 0.004577
57 0.004591
57 0.004607
57 0.004621
57 0.004633
57 0.004647
57 0.004661
57 0.004674
57 0.004688
57 0.004702
58 0.004715
58 0.004730
58 0.004745
58 0.004757
58 0.004772
58 0.004787
58 0.004799
58 0.004811
58 0.004825
58 0.004840
59 0.004854
59 0.004868
59 0.004884
59 0.004897
59 0.004911
59 0.004925
59 0.004938
59 0.004952
59 0.004966
59 0.004982
60 0.004995
60 0.005010
60 0.005025
60 0.005039
60 0.005052
60 0.005066
60 0.005081
60 0.005097
60 0.005111
60 0.005125
61 0.005140
61 0.005156
61 0.005169
61 0.005184
61 0.005198
61 0.005213
61 0.005228
61 0.005243
61 0.005258
61 0.005273
62 0.005287
62 0.005302
62 0.005317
62 0.005333
62 0.005346
62 0.005362
62 0.005377
62 0.005392
62 0.005405
62 0.005421
63 0.005438
63 0.005454
63 0.005470
63 0.005485
63 0.005499
63 0.005514
63 0.005530
63 0.005545
63 0.005560
63 0.005575
64 0.005589
64 0.005604
64 0.005619
64 0.005635
64 0.005650
64 0.005666
64 0.005681
64 0.005695
64 0.005711
64 0.005728
65 0.005743
65 0.005759
65 0.005774
65 0.005789
65 0.005806
65 0.005820
65 0.005836
65 0.005853
65 0.005869
65 0.005884
66 0.005900
66 0.005916
66 0.005932
66 0.005946
66 0.005960
66 0.005977
66 0.005995
66 0.006011
66 0.006027
66 0.006043
67 0.006060
67 0.006076
67 0.006092
67 0.006110
67 0.006126
67 0.006141
67 0.006157
67 0.006173
67 0.006189
67 0.006205
68 0.006222
68 0.006240
68 0.006256
68 0.006275
68 0.006291
68 0.006307
68 0.006321
68 0.006335
68 0.006351
68 0.006369
69 0.006385
69 0.006401
69 0.006417
69 0.006434
69 0.006450
69 0.006466
69 0.006489
69 0.006506
69 0.006522
69 0.006538
70 0.006557
70 0.006574
70 0.006590
70 0.006607
70 0.006624
70 0.006641
70 0.006657
70 0.006673
70 0.006690
70 0.006707
71 0.006723
71 0.006741
71 0.006758
71 0.006773
71 0.006787
71 0.006802
71 0.006818
71 0.006836
71 0.006853
71 0.006871
72 0.006888
72 0.006905
72 0.006922
72 0.006939
72 0.006956
72 0.006973
72 0.006992
72 0.007014
72 0.007030
72 0.007047
73 0.007065
73 0.007082
73 0.007099
73 0.007118
73 0.007137
73 0.007154
73 0.007171
73 0.007188
73 0.007207
73 0.007224
74 0.007242
74 0.007259
74 0.007277
74 0.007294
74 0.007312
74 0.007330
74 0.007347
74 0.007364
74 0.007383
74 0.007400
75 0.007418
75 0.007436
75 0.007454
75 0.007472
75 0.007490
75 0.007509
75 0.007529
75 0.007551
75 0.007569
75 0.007586
76 0.007604
76 0.007622
76 0.007642
76 0.007660
76 0.007679
76 0.007697
76 0.007714
76 0.007732
76 0.007750
76 0.007770
77 0.007788
77 0.007807
77 0.007825
77 0.007843
77 0.007861
77 0.007879
77 0.007899
77 0.007917
77 0.007935
77 0.007955
78 0.007974
78 0.007993
78 0.008011
78 0.008030
78 0.008050
78 0.008068
78 0.008091
78 0.008110
78 0.008128
78 0.008147
79 0.008165
79 0.008183
79 0.008201
79 0.008219
79 0.008237
79 0.008257
79 0.008276
79 0.008294
79 0.008311
79 0.008329
80 0.008349
80 0.008367
80 0.008385
80 0.008404
80 0.008422
80 0.008440
80 0.008458
80 0.008475
80 0.008493
80 0.008511
81 0.008535
81 0.008555
81 0.008575
81 0.008594
81 0.008620
81 0.008639
81 0.008659
81 0.008678
81 0.008697
81 0.008717
82 0.008736
82 0.008757
82 0.008778
82 0.008801
82 0.008820
82 0.008840
82 0.008859
82 0.008880
82 0.008900
82 0.008920
83 0.008939
83 0.008958
83 0.008978
83 0.008997
83 0.009019
83 0.009038
83 0.009060
83 0.009080
83 0.009100
83 0.009119
84 0.009145
84 0.009164
84 0.009185
84 0.009204
84 0.009225
84 0.009244
84 0.009266
84 0.009285
84 0.009306
84 0.009325
85 0.009348
85 0.009367
85 0.009389
85 0.009408
85 0.009429
85 0.009448
85 0.009469
85 0.009488
85 0.009510
85 0.009529
86 0.009550
86 0.009569
86 0.009590
86 0.009610
86 0.009630
86 0.009654
86 0.009674
86 0.009695
86 0.009714
86 0.009735
87 0.009756
87 0.009777
87 0.009797
87 0.009818
87 0.009838
87 0.009859
87 0.009883
87 0.009902
87 0.009924
87 0.009944
88 0.009965
88 0.009984
88 0.010007
88 0.010033
88 0.010053
88 0.010074
88 0.010094
88 0.010116
88 0.010137
88 0.010160
89 0.010186
89 0.010206
89 0.010227
89 0.010247
89 0.010270
89 0.010290
89 0.010311
89 0.010332
89 0.010353
89 0.010376
90 0.010396
90 0.010420
90 0.010442
90 0.010463
90 0.010485
90 0.010508
90 0.010528
90 0.010550
90 0.010572
90 0.010593
91 0.010614
91 0.010638
91 0.010658
91 0.010678
91 0.010707
91 0.010729
91 0.010751
91 0.010773
91 0.010795
91 0.010816
92 0.010839
92 0.010862
92 0.010885
92 0.010907
92 0.010929
92 0.010950
92 0.010973
92 0.010998
92 0.011019
92 0.011041
93 0.011064
93 0.011086
93 0.011107
93 0.011131
93 0.011154
93 0.011175
93 0.011196
93 0.011223
93 0.011248
93 0.011269
94 0.011291
94 0.011313
94 0.011336
94 0.011357
94 0.011381
94 0.011403
94 0.011426
94 0.011447
94 0.011469
94 0.011493
95 0.011516
95 0.011537
95 0.011560
95 0.011583
95 0.011604
95 0.011627
95 0.011650
95 0.011672
95 0.011693
95 0.011716
96 0.011746
96 0.011769
96 0.011792
96 0.011815
96 0.011838
96 0.011860
96 0.011885
96 0.011907
96 0.011930
96 0.011963
97 0.011985
97 0.012009
97 0.012030
97 0.012053
97 0.012076
97 0.012098
97 0.012118
97 0.012139
97 0.012162
97 0.012185
98 0.012208
98 0.012229
98 0.012252
98 0.012280
98 0.012302
98 0.012324
98 0.012346
98 0.012370
98 0.012392
98 0.012414
99 0.012437
99 0.012460
99 0.012481
99 0.012505
99 0.012528
99 0.012551
99 0.012573
99 0.012597
99 0.012621
99 0.012643
100 0.012666
100 0.012689
100 0.012710
100 0.012734
100 0.012756
100 0.012784
100 0.012807
100 0.012830
100 0.012854
100 0.012878
